# golden vectors exported by :examples:gep:runGoldenVectors -- do not edit
rng 1
state 4 -1996333887 -1861603860 1703865447 -1091859039
words 16 2146930148 -1709768091 -624875592 -1738938092 1296777651 -1171588249 -305981267 -1968444255 -1481191675 1038083703 1586882602 1810334356 -1881278198 -629372699 -1528026494 926448771
bernoulli 1288490189 1 0 0 0 0 1 0 0
bounded 10 2 9 3 2 3 6 4 3
creep 6554 -6940 -2448 -2255 -727
end
rng 42
state 4 803958421 -1109970394 -1301876477 686809907
words 16 -1651223871 1762251840 1632151183 1417845339 -968303052 -305620314 -15323469 -1419553110 -1602182811 -627869109 -1797245838 605933973 1006507094 2050635979 1433159911 -1993922594
bernoulli 1288490189 0 1 0 0 1 1 0 0
bounded 10 9 6 8 0 4 5 8 1
creep 6554 10405 4574 -1152 -521
end
rng 3735928559
state 4 1758063515 1256175887 1101072674 -564630991
words 16 -101396034 1885658434 234219458 282527567 -1843955184 1605398344 -1270830379 679659787 890878121 2011456971 1546754550 -107271366 -1653544788 1821322888 678990985 -484729382
bernoulli 1288490189 1 0 0 0 1 0 0 0
bounded 10 4 5 2 9 0 1 7 2
creep 6554 -5374 -8359 2420 6479
end
rng -1
state 4 459615264 -455511689 -604601655 -375392153
words 16 -1644728414 1278636629 -1762681648 588492107 1360811846 56605594 -1779236293 72084865 383903043 1880940738 2128192710 -442097047 -1918859221 1268448702 1748777446 -1942459803
bernoulli 1288490189 1 1 1 1 1 0 1 0
bounded 10 7 7 8 5 9 1 8 2
creep 6554 6491 -3512 -1509 -2736
end
thresholds
values 1288490189 1288490189 429496730 214748365 214748365 1288490189 429496730 429496730 429496730 429496730 6554 655360
end
divrecip
case 65536 196608 21845
case -65536 196608 -21845
case 65536 -196608 -21845
case -65536 -196608 21845
case 23265280 7405568 205887
case 0 131072 0
case 327680 0 65536
case 327680 66 65536
case 327680 67 320519669
case 2147483647 1 65536
case -2147483648 131072 -1073740801
case 1 2147483647 0
case 1966080000 131 2147483647
case 999216978 312932609 209261
case 1411252007 -1699318435 -54426
case -563032824 2041227684 -18076
case -843464791 883300229 -62580
case 1772885171 -1247851127 -93110
case 128832371 -845020761 -9991
case -558914726 633028088 -57863
case -426571395 504617160 -55399
case -1012564697 2116136005 -31358
case 737321471 565363469 85469
case 82326255 363585558 14839
case 98888045 -965969054 -6709
case -105149580 -1043364389 6604
case 152818256 -310304509 -32275
case -744536628 6203594 -7865432
case -1591820422 723545024 -144181
case -356266957 668359838 -34933
case -1327404727 372950439 -233255
case 19453647 -378015466 -3372
case 420068534 -194400928 -141612
case 1823952578 49903854 2395297
case 243678181 927842503 17211
case 306055383 522047016 38421
case -1638415588 462084484 -232371
case 1931384611 -1623293298 -77974
case -1542539093 747016977 -135327
case 1787469532 -950289193 -123271
case -98155414 -1620176441 3970
case -688996204 1235779697 -36538
case -1008347427 298375423 -221476
case 93053389 393890309 15482
case 619560057 1204239929 33717
case 1508227400 312123920 316679
case 439434406 368465715 78158
case -1645428298 567608376 -189980
case 797982560 203749346 256671
case -654859416 1572027970 -27300
case 494380076 -1471459119 -22018
case 1939072579 -618119136 -205589
case -827244646 1417587948 -38244
case 140727131 623756062 14785
case -940188813 -825437788 74646
case 1492946893 -995999306 -98234
case -1728901733 394401120 -287284
case 200741380 862340048 15255
case -127133666 -1567266857 5316
case -138862107 -975804755 9326
case -2125809148 -157355311 885365
case -2081787565 300723287 -453679
case 236731853 136940371 113293
case 451826393 441888760 67009
case 1195702040 1393521597 56232
case 1907726872 1248471430 100142
case 1421010809 -1860931643 -50043
case 474229279 -1905711956 -16308
case -1562300244 -902937600 113393
case 820039498 1138316799 47211
case 1229106703 -1804656422 -44634
case -793755911 1095487985 -47485
case 615280910 615351865 65528
case -1801931857 757286479 -155940
case 219400634 -1380122904 -10418
case 1366494300 -1416935966 -63202
case 752009915 -1621846659 -30387
end
breed 100
config 8 2 3 4 2 128 9 64 65 128 129 130 131 132 133 134
thresholds 1288490189 1288490189 429496730 214748365 214748365 1288490189 429496730 429496730 429496730 429496730 6554 655360
symbols 34 32 32 65 0 34 129 131 33 35 33 32 0 2 35 2 32 33 32 128 65 35 32 131 2 130 1 35 34 35 33 35 1 33 33
constants 8 -270920 584427 -528893 -473573 279811 -401419 -605769 -530620
symbols 34 134 1 133 129 133 133 134 129 1 1 33 34 1 1 34 32 1 2 65 2 65 0 132 1 33 33 35 34 34 33 1 32 1 35
constants 8 -435558 -210082 16145 435835 -269557 -60129 -487317 200405
symbols 34 2 65 2 65 32 131 2 130 1 35 34 35 33 2 1 33 33 133 32 65 0 34 129 131 33 35 33 33 34 1 1 34 32 1
constants 8 279811 -396389 -605769 -530620 -367871 584427 -528893 -473573
end
breed 101
config 12 2 2 0 1 132 5 128 129 130 133 134
thresholds 1288490189 1288490189 429496730 214748365 214748365 1288490189 429496730 429496730 429496730 429496730 6554 655360
symbols 25 0 130 128 134 130 129 1 133 0 128 0 1 1 1 0 1 1 1 1 1 0 0 1 1 0
constants 0
symbols 25 128 129 128 128 0 1 130 1 134 130 130 129 1 1 1 0 1 0 0 0 0 0 1 0 1
constants 0
symbols 25 130 130 134 0 130 130 134 0 1 130 1 134 1 1 1 0 1 0 0 0 0 0 1 0 1
constants 0
end
breed 102
config 5 2 1 2 3 130 4 128 129 130 135
thresholds 1288490189 1288490189 429496730 214748365 214748365 1288490189 429496730 429496730 429496730 429496730 6554 655360
symbols 33 33 33 128 128 130 0 32 33 32 32 33 32 130 33 135 32 0 0 0 32 33 32 0 33 130 135 0 32 0 33 0 0 0
constants 6 125978 576885 -555626 470766 -434827 -171232
symbols 33 0 33 129 128 128 0 0 0 33 0 0 130 135 135 135 0 32 0 0 33 0 33 135 0 135 128 130 32 33 0 33 0 0
constants 6 -349824 205538 227153 454338 -412015 -91010
symbols 33 33 33 128 128 130 0 32 33 32 32 33 32 130 33 135 32 0 0 0 32 33 32 0 33 130 135 0 32 0 33 0 0 0
constants 6 125828 576885 -555626 465917 -434827 -176424
end
breed 103
config 8 2 3 4 2 128 9 64 65 128 129 130 131 132 133 134
thresholds 1288490189 1288490189 429496730 214748365 214748365 1288490189 429496730 429496730 429496730 429496730 6554 655360
symbols 34 130 134 134 132 65 130 2 1 33 0 0 34 35 35 33 2 32 64 0 131 129 2 131 134 35 0 2 1 35 34 33 2 0 35
constants 8 -77037 572460 -633175 505645 -108954 132062 34934 -350634
symbols 34 0 0 2 128 0 1 33 134 1 35 33 0 35 33 1 33 35 33 130 34 32 131 64 34 128 34 33 2 2 0 0 34 0 1
constants 8 -593270 -391034 -520916 -193749 -584252 262952 -419419 -576107
symbols 34 64 0 131 129 2 131 134 35 32 33 2 2 0 0 34 0 1 130 134 134 132 65 130 2 1 33 0 0 34 35 35 33 1 32
constants 8 -108954 136310 37986 -350634 -77037 572460 -633175 505288
end
breed 104
config 12 2 2 0 1 132 5 128 129 130 133 134
thresholds 1288490189 1288490189 429496730 214748365 214748365 1288490189 429496730 429496730 429496730 429496730 6554 655360
symbols 25 134 0 133 128 129 129 0 128 0 134 0 134 0 0 1 1 1 0 1 1 0 1 1 1 1
constants 0
symbols 25 128 130 130 130 1 1 134 0 130 128 133 0 1 0 1 0 1 1 0 0 1 1 0 0 1
constants 0
symbols 25 134 0 134 0 133 128 129 129 0 128 129 134 0 0 1 1 1 0 1 1 0 1 1 1 1
constants 0
end
breed 105
config 5 2 1 2 3 130 4 128 129 130 135
thresholds 1288490189 1288490189 429496730 214748365 214748365 1288490189 429496730 429496730 429496730 429496730 6554 655360
symbols 33 32 129 128 135 32 0 0 33 0 32 0 128 33 33 130 32 0 33 0 32 33 0 130 129 32 0 130 32 0 32 32 32 33
constants 6 -627698 600763 -263420 115619 -352567 103012
symbols 33 129 128 130 128 33 0 32 33 33 0 33 0 33 135 32 32 0 0 32 32 33 33 128 32 135 135 135 0 33 0 0 0 0
constants 6 157147 484707 -182886 279128 -340752 -493489
symbols 33 32 129 130 128 33 0 32 33 33 0 32 0 33 135 32 32 0 33 0 32 33 0 130 129 32 0 130 32 0 32 32 32 33
constants 6 -627698 604301 -182886 279128 392652 109518
end
breed 106
config 8 2 3 4 2 128 9 64 65 128 129 130 131 132 133 134
thresholds 1288490189 1288490189 429496730 214748365 214748365 1288490189 429496730 429496730 429496730 429496730 6554 655360
symbols 34 128 32 128 32 34 131 134 132 2 33 1 32 0 33 0 2 33 134 131 133 32 64 1 131 0 33 33 35 33 0 33 1 32 0
constants 8 484382 -158205 278495 -599104 528492 -282327 -329220 -318261
symbols 34 128 128 130 132 1 65 35 130 34 2 35 34 34 0 0 34 32 64 131 0 133 65 128 130 65 32 35 35 33 1 35 33 32 33
constants 8 544488 435333 574652 -429809 134571 -407266 -552167 -625171
symbols 34 128 32 128 65 34 131 128 130 34 2 35 34 34 0 0 34 34 64 131 0 133 65 128 130 65 32 35 35 33 1 33 33 32 0
constants 8 484382 -158205 278495 -588203 528492 -282327 -329220 -318261
end
breed 107
config 12 2 2 0 1 132 5 128 129 130 133 134
thresholds 1288490189 1288490189 429496730 214748365 214748365 1288490189 429496730 429496730 429496730 429496730 6554 655360
symbols 25 0 1 133 1 133 1 129 129 130 129 133 1 0 0 0 1 1 1 1 1 0 1 0 0 1
constants 0
symbols 25 129 128 1 0 130 128 130 130 134 1 0 0 0 0 1 1 1 0 1 0 1 0 1 0 1
constants 0
symbols 25 133 1 133 0 1 1 133 1 133 1 129 129 0 0 0 0 1 1 1 0 0 1 0 0 1
constants 0
end
breed 108
config 5 2 1 2 3 130 4 128 129 130 135
thresholds 1288490189 1288490189 429496730 214748365 214748365 1288490189 429496730 429496730 429496730 429496730 6554 655360
symbols 33 135 33 33 129 33 33 32 0 33 32 32 128 135 32 0 0 32 0 33 32 33 33 0 130 129 33 129 0 33 33 33 33 0
constants 6 644981 -54364 -326061 -103202 -423382 -156496
symbols 33 128 130 130 32 32 33 0 0 33 33 0 128 135 129 129 128 0 33 32 33 32 33 129 135 33 33 33 0 32 0 0 33 32
constants 6 -559124 133868 -285419 -49454 -138282 455200
symbols 33 135 33 33 129 33 33 32 0 33 32 32 128 135 32 0 0 32 0 33 32 33 33 130 129 0 130 129 0 33 33 33 33 0
constants 6 644981 -54364 -330578 -103202 -423382 -152206
end
breed 109
config 8 2 3 4 2 128 9 64 65 128 129 130 131 132 133 134
thresholds 1288490189 1288490189 429496730 214748365 214748365 1288490189 429496730 429496730 429496730 429496730 6554 655360
symbols 34 35 32 133 2 33 130 0 0 32 35 33 35 34 1 1 2 2 35 33 64 134 35 130 34 0 34 33 2 32 2 1 33 35 2
constants 8 103450 409269 -21046 99443 -446566 -485528 -307123 -410511
symbols 34 64 35 34 133 1 128 131 129 32 1 1 32 0 1 32 0 34 34 1 134 35 65 129 132 128 33 2 32 0 34 34 2 2 33
constants 8 258478 6236 228506 -304483 438170 -183377 -301075 588062
symbols 34 35 32 133 2 33 130 0 0 32 35 33 35 34 1 1 2 34 32 1 134 35 65 130 34 0 33 2 32 0 34 34 2 2 33
constants 8 103450 401717 -21046 99443 437108 -183377 -301075 591853
end
breed 110
config 12 2 2 0 1 132 5 128 129 130 133 134
thresholds 1288490189 1288490189 429496730 214748365 214748365 1288490189 429496730 429496730 429496730 429496730 6554 655360
symbols 25 134 134 130 128 134 134 133 133 1 130 133 128 0 0 0 1 0 0 0 0 0 1 0 1 0
constants 0
symbols 25 129 0 134 128 128 1 1 128 130 133 133 134 0 0 0 0 0 1 1 1 0 1 1 0 1
constants 0
symbols 25 134 129 130 128 134 134 133 133 1 130 133 128 0 0 0 1 0 0 0 0 0 1 0 0 1
constants 0
end
breed 111
config 5 2 1 2 3 130 4 128 129 130 135
thresholds 1288490189 1288490189 429496730 214748365 214748365 1288490189 429496730 429496730 429496730 429496730 6554 655360
symbols 33 0 135 128 32 33 0 33 0 33 33 33 0 0 135 33 33 33 32 0 0 32 32 33 135 130 128 128 33 33 32 0 32 33
constants 6 646070 334566 510664 -45836 636984 -42583
symbols 33 129 128 33 33 129 32 32 0 0 0 32 129 32 128 130 0 33 0 33 0 33 0 130 32 135 130 129 32 32 0 32 33 0
constants 6 509708 138606 -633028 -157289 -626514 325499
symbols 33 0 135 128 32 33 0 33 0 33 33 33 0 130 135 33 33 33 32 0 0 32 32 33 135 130 128 128 33 33 32 0 32 33
constants 6 646070 334566 508310 -45836 636984 -391918
end
eval c0x0r0
config 8 2 3 4 2 128 9 64 65 128 129 130 131 132 133 134
symbols 34 32 134 32 35 64 35 2 65 33 1 34 0 35 32 0 1 33 64 65 2 33 34 35 65 2 34 35 0 35 34 35 34 0 1
constants 8 -237814 431149 170471 -177796 559312 -427245 -465341 28122
vars 3 77053 -251010 189916
evalResult -427730
program 3 2113 576 393600
output 2 2
runResult -427730
end
eval c0x0r1
config 8 2 3 4 2 128 9 64 65 128 129 130 131 132 133 134
symbols 34 32 134 32 35 64 35 2 65 33 1 34 0 35 32 0 1 33 64 65 2 33 34 35 65 2 34 35 0 35 34 35 34 0 1
constants 8 -237814 431149 170471 -177796 559312 -427245 -465341 28122
vars 3 -48753 -228868 -227063
evalResult -464877
program 3 2113 576 393600
output 2 2
runResult -464877
end
eval c0x1r0
config 8 2 3 4 2 128 9 64 65 128 129 130 131 132 133 134
symbols 34 132 64 132 34 134 128 33 0 2 32 1 35 0 0 34 35 33 128 2 130 128 131 130 130 34 34 33 33 33 32 34 34 2 0
constants 8 584453 -234664 -461890 -419724 -145251 -539610 259740 282006
vars 3 -99272 198760 -55742
evalResult 22822134
program 12 1414 67712 2368 393860 920196 1381762 1119618 1709696 1644931 2236034 2492544 2757248
output 2 11
runResult 22822134
end
eval c0x1r1
config 8 2 3 4 2 128 9 64 65 128 129 130 131 132 133 134
symbols 34 132 64 132 34 134 128 33 0 2 32 1 35 0 0 34 35 33 128 2 130 128 131 130 130 34 34 33 33 33 32 34 34 2 0
constants 8 584453 -234664 -461890 -419724 -145251 -539610 259740 282006
vars 3 148861 118018 -88241
evalResult 22757136
program 12 1414 67712 2368 393860 920196 1381762 1119618 1709696 1644931 2236034 2492544 2757248
output 2 11
runResult 22757136
end
eval c0x2r0
config 8 2 3 4 2 128 9 64 65 128 129 130 131 132 133 134
symbols 34 131 134 133 133 132 32 1 132 2 2 32 35 33 1 32 2 35 34 0 35 128 133 131 32 64 35 32 32 1 34 32 34 34 35
constants 8 2965 354593 34612 568258 602803 -220404 -352787 -129266
vars 3 167741 8742 -199437
evalResult -352787
program 7 331140 524933 67716 657030 262533 1183363 1644160
output 2 6
runResult -352787
end
eval c0x2r1
config 8 2 3 4 2 128 9 64 65 128 129 130 131 132 133 134
symbols 34 131 134 133 133 132 32 1 132 2 2 32 35 33 1 32 2 35 34 0 35 128 133 131 32 64 35 32 32 1 34 32 34 34 35
constants 8 2965 354593 34612 568258 602803 -220404 -352787 -129266
vars 3 -168983 -133090 198995
evalResult -287251
program 7 331140 524933 67716 657030 262533 1183363 1644160
output 2 6
runResult -287251
end
eval c0x3r0
config 8 2 3 4 2 128 9 64 65 128 129 130 131 132 133 134
symbols 34 64 65 134 35 0 34 129 131 0 2 32 35 33 35 35 1 34 64 129 130 2 129 32 35 65 32 32 32 35 33 32 2 35 33
constants 8 89786 56383 -357806 -500110 328441 649077 127952 -427391
vars 3 111953 -94238 250410
evalResult 3972811
program 9 3462 577 1600 4417 925057 1118850 530049 6720 1968768
output 2 8
runResult 3972811
end
eval c0x3r1
config 8 2 3 4 2 128 9 64 65 128 129 130 131 132 133 134
symbols 34 64 65 134 35 0 34 129 131 0 2 32 35 33 35 35 1 34 64 129 130 2 129 32 35 65 32 32 32 35 33 32 2 35 33
constants 8 89786 56383 -357806 -500110 328441 649077 127952 -427391
vars 3 -40036 65988 192809
evalResult 3915210
program 9 3462 577 1600 4417 925057 1118850 530049 6720 1968768
output 2 8
runResult 3915210
end
eval c1x0r0
config 12 2 2 0 1 132 5 128 129 130 133 134
symbols 25 129 134 128 130 1 129 129 129 130 1 0 133 1 1 1 1 0 1 1 1 1 0 1 1 1
constants 0
vars 2 -206303 -186778
evalResult -206303
program 9 263297 1154 263301 393858 1153 264833 265862 1446528 1972865
output 2 8
runResult -206303
end
eval c1x0r1
config 12 2 2 0 1 132 5 128 129 130 133 134
symbols 25 129 134 128 130 1 129 129 129 130 1 0 133 1 1 1 1 0 1 1 1 1 0 1 1 1
constants 0
vars 2 -139534 258199
evalResult -73998
program 9 263297 1154 263301 393858 1153 264833 265862 1446528 1972865
output 2 8
runResult -73998
end
eval c1x1r0
config 12 2 2 0 1 132 5 128 129 130 133 134
symbols 25 129 128 128 0 133 0 129 0 129 0 130 134 1 0 1 1 0 1 1 0 1 0 0 1 0
constants 0
vars 2 145975 -108245
evalResult -387081
program 8 1158 262785 262274 393349 655489 917632 1179776 1709697
output 2 7
runResult -387081
end
eval c1x1r1
config 12 2 2 0 1 132 5 128 129 130 133 134
symbols 25 129 128 128 0 133 0 129 0 129 0 130 134 1 0 1 1 0 1 1 0 1 0 0 1 0
constants 0
vars 2 -219259 63202
evalResult 7808
program 8 1158 262785 262274 393349 655489 917632 1179776 1709697
output 2 7
runResult 7808
end
eval c1x2r0
config 12 2 2 0 1 132 5 128 129 130 133 134
symbols 25 1 128 133 1 133 1 1 128 0 130 130 130 1 1 1 1 0 0 0 1 1 1 0 1 0
constants 0
vars 2 -194626 88042
evalResult 88042
program 0
output 0 1
runResult 88042
end
eval c1x2r1
config 12 2 2 0 1 132 5 128 129 130 133 134
symbols 25 1 128 133 1 133 1 1 128 0 130 130 130 1 1 1 1 0 0 0 1 1 1 0 1 0
constants 0
vars 2 -153528 -140292
evalResult -140292
program 0
output 0 1
runResult -140292
end
eval c1x3r0
config 12 2 2 0 1 132 5 128 129 130 133 134
symbols 25 129 130 0 133 130 0 134 130 129 1 133 130 1 0 0 0 1 0 1 1 1 0 0 1 1
constants 0
vars 2 128637 47939
evalResult -128637
program 9 262277 262274 132230 263810 129 655493 1183362 1709698 7809
output 2 8
runResult -128637
end
eval c1x3r1
config 12 2 2 0 1 132 5 128 129 130 133 134
symbols 25 129 130 0 133 130 0 134 130 129 1 133 130 1 0 0 0 1 0 1 1 1 0 0 1 1
constants 0
vars 2 242785 41681
evalResult -242785
program 9 262277 262274 132230 263810 129 655493 1183362 1709698 7809
output 2 8
runResult -242785
end
eval c2x0r0
config 5 2 1 2 3 130 4 128 129 130 135
symbols 33 0 129 33 130 33 32 0 33 33 33 33 0 32 0 0 130 0 32 32 0 32 32 128 130 135 0 0 0 32 32 32 0 0
constants 6 -292791 -131053 334537 -44672 -167205 494201
vars 1 157790
evalResult 1843790
program 5 130 130 1114247 657024 918146
output 2 4
runResult 1843790
end
eval c2x0r1
config 5 2 1 2 3 130 4 128 129 130 135
symbols 33 0 129 33 130 33 32 0 33 33 33 33 0 32 0 0 130 0 32 32 0 32 32 128 130 135 0 0 0 32 32 32 0 0
constants 6 -292791 -131053 334537 -44672 -167205 494201
vars 1 112856
evalResult 445142
program 5 130 130 1114247 657024 918146
output 2 4
runResult 445142
end
eval c2x1r0
config 5 2 1 2 3 130 4 128 129 130 135
symbols 33 32 32 32 135 129 0 33 0 33 0 33 128 135 128 130 0 0 32 33 32 0 32 0 129 32 130 0 0 33 32 32 33 0
constants 6 -364673 611660 208693 513341 86936 628605
vars 1 -30485
evalResult -8634874
program 6 593282 647 589952 657024 917890 4738
output 2 5
runResult -8634874
end
eval c2x1r1
config 5 2 1 2 3 130 4 128 129 130 135
symbols 33 32 32 32 135 129 0 33 0 33 0 33 128 135 128 130 0 0 32 33 32 0 32 0 129 32 130 0 0 33 32 32 33 0
constants 6 -364673 611660 208693 513341 86936 628605
vars 1 57425
evalResult -10393683
program 6 593282 647 589952 657024 917890 4738
output 2 5
runResult -10393683
end
eval c2x2r0
config 5 2 1 2 3 130 4 128 129 130 135
symbols 33 129 129 0 130 32 0 33 0 32 33 33 33 129 128 0 128 33 32 0 32 33 0 129 128 135 32 128 0 32 32 32 32 0
constants 6 -252573 653386 61993 24839 -21505 485077
vars 1 151115
evalResult 3682771
program 9 327810 66177 1665 854658 1118592 1184128 1114247 1709697 1969794
output 2 8
runResult 3682771
end
eval c2x2r1
config 5 2 1 2 3 130 4 128 129 130 135
symbols 33 129 129 0 130 32 0 33 0 32 33 33 33 129 128 0 128 33 32 0 32 33 0 129 128 135 32 128 0 32 32 32 32 0
constants 6 -252573 653386 61993 24839 -21505 485077
vars 1 -102758
evalResult 1461540
program 9 327810 66177 1665 854658 1118592 1184128 1114247 1709697 1969794
output 2 8
runResult 1461540
end
eval c2x3r0
config 5 2 1 2 3 130 4 128 129 130 135
symbols 33 135 130 129 33 32 0 32 0 0 33 32 32 135 128 135 0 0 0 32 0 32 32 0 130 33 129 0 33 32 0 0 32 33
constants 6 -423816 472462 -193610 646957 596127 633464
vars 1 -34736
evalResult -805848
program 5 66946 65665 393863 592514 3714
output 2 4
runResult -805848
end
eval c2x3r1
config 5 2 1 2 3 130 4 128 129 130 135
symbols 33 135 130 129 33 32 0 32 0 0 33 32 32 135 128 135 0 0 0 32 0 32 32 0 130 33 129 0 33 32 0 0 32 33
constants 6 -423816 472462 -193610 646957 596127 633464
vars 1 -212680
evalResult -9092356
program 5 66946 65665 393863 592514 3714
output 2 4
runResult -9092356
end
sse
results 32 -5359656 -6285844 3473181 2520768 3075767 -757309 -2765144 -2199058 -2883848 6348028 3140159 -1099752 1493288 4115870 -4394484 -1249880 -4730321 -5215794 443803 -1250531 -4682686 -4926475 -1468864 2448875 -4742950 -257665 -5176619 1219948 -1335100 1972117 -4406224 3412035
targets 32 6089168 2818805 -62816 163426 4144827 -2116752 -3810986 -4002912 2074353 1528339 5070309 -2711283 4230490 2404562 -5554125 -872926 -3592252 -2921164 2587823 3988921 -122605 -4967866 -5036269 -1987244 -6548311 5521808 -2336183 4214397 -3725257 700197 3130118 3471511
value 7859045666
end
sse
results 32 119113 -6551695 -4582153 3357324 -5757328 -2065751 2168010 -5423253 4306384 4294091 2688555 621838 -4502889 4744634 4801918 3059039 -5605813 4943542 -1904810 4448821 -256499 1604838 669458 3711831 -984482 206966 936087 -497014 -4706512 -3285517 -2014850 1634979
targets 32 1487165 2452031 5217241 -2763273 3298934 1842215 -3192443 4127573 1157176 3417881 -1252413 -4073483 -6016312 -4556496 4527176 3355331 1428373 5657998 936351 -4000609 594240 6409845 -3750711 -3535105 972205 -5277157 5726717 -3134244 -4000766 4497245 4003574 2479418
value 14618423089
end
